(48, 112, 46, 110, 97, 53, 10)
(10, 53, 122, 31, 36, 111, 10, 97)
(39, 31, 53, 36, 47, 30, 33, 9, 10)
(41, 47, 104, 46)
(99, 111, 97, 40, 31, 47, 10, 36, 53)
(29, 72, 55, 103, 36, 122, 59, 30, 65, 53, 10)
(53, 36, 103, 47, 55, 9, 29, 10)
(111, 39, 10, 69, 90, 9, 29, 69, 10, 53)
(104, 39, 41, 97, 53, 10, 26, 78, 55)
(27, 36, 103, 24, 53, 97, 53, 38, 69, 97, 57, 10, 29)
(36, 38, 24, 64, 39, 53, 55, 9, 10, 118, 30)
(47, 53, 111, 57, 120, 10, 38, 21, 39)
(39, 38, 103, 117, 116, 97, 122, 10, 41, 59)
(72, 71, 31, 36, 97, 103, 78, 47, 97, 53, 41, 120, 10, 52, 97)
(31, 63, 29, 39, 93, 41, 74, 103, 120, 10, 55, 114, 55, 68, 57, 53, 95, 78, 97, 10)
(97, 65, 10, 111, 25, 74, 97, 53, 102, 120, 73, 55, 10, 53, 26)
(29, 55, 39, 61, 27, 41, 36, 25, 103, 10)
(27, 39, 64, 55, 53, 38, 122, 31, 111, 64, 10, 39, 21, 105, 36)
(53, 97, 97, 21, 65, 105, 54, 120, 10, 122, 30, 28, 39, 53)
(50, 21, 120, 97, 39, 67, 10, 29, 47, 53, 79, 36, 97, 10)
(65, 9, 55, 27, 105, 57, 103, 38, 120, 8, 29, 53, 116, 55, 39, 10, 63, 97)
(57, 9, 26, 102, 39, 8, 111, 55, 10, 104, 1)
(111, 57, 55, 120, 54, 36, 53, 122, 105, 95, 76, 47, 39, 97, 10)
(29, 103, 102, 30, 36, 61, 29, 41, 71, 10, 61, 41, 52)
(102, 10, 111, 30, 36, 121, 54, 55, 46, 50, 65, 75, 57, 9, 10, 104, 97, 53)
(56, 38, 27, 29, 50, 80, 83, 97, 55, 111, 96, 10)
(10, 64, 31, 10, 52, 111, 116, 36, 40, 48, 54, 30, 53, 114, 29, 120, 10)
(91, 115, 46, 2)
(47, 53, 36, 117, 9, 55, 74, 111, 116, 120, 9, 77, 29, 97, 10)
(27, 104, 55, 57, 26, 103, 10, 29, 31, 36, 120, 102, 53)
(102, 103, 31, 117, 59, 8, 36, 39, 75, 53, 76, 97, 70, 41, 122, 55)
(102, 53, 97, 10, 57, 71, 41, 111, 39, 71, 45, 118, 23, 53)
(30, 48, 29, 120, 103, 96, 47, 29, 78, 21, 122, 41, 36, 10)
(21, 121, 97, 38, 31, 52, 70, 53, 71, 97, 56, 111, 40, 39, 65, 10, 53)
(103, 57, 39, 53, 79, 47, 54, 97, 50, 116, 56, 53, 36, 10)
(71, 29, 111, 102, 53, 120, 38, 47, 21, 10, 120, 39, 23, 71, 40, 52)
(38, 10, 71, 39, 54, 102, 57, 103, 53, 46, 54, 116, 29, 10, 114, 41, 66)
(59, 30, 120, 79, 38, 53, 115, 10)
(99, 41, 31, 122, 36, 120, 29, 21, 111, 117, 48, 30, 10, 53)
(105, 9, 27, 55, 46, 53, 103, 76, 46, 71, 39, 41, 39, 10, 109, 30)
(59, 9, 10, 121, 114, 110, 120, 97, 10, 1, 21, 47, 53, 10, 96, 97)
(39, 99, 66, 111, 23, 25, 45, 10, 53, 75, 102, 74, 40, 105, 52, 71, 30)
(38, 47, 50, 24, 57, 30, 41, 72, 53, 56, 122, 97, 70, 15, 10, 26, 29, 53)
(53, 111, 120, 64, 36, 15, 122, 96, 121, 39, 10)
(46, 23, 120, 91)
(103, 66, 117, 47, 54, 30, 120, 36, 65, 53, 29, 96, 61, 10)
(53, 115, 86, 122, 67, 54, 30, 61, 46, 36, 10, 53)
(45, 48, 23, 91, 41, 54, 2)
(53, 91, 67, 86, 52, 61, 41, 29, 54, 10)
(123, 54, 75, 59, 10, 53, 97, 86, 80, 115, 41, 50, 10)